Time Real Imag
0.000000000000000000e+00 1.116500177435332031e+00 1.639281722480321557e+00
9.775171065493646130e-04 2.876068862959953454e-01 2.060134829697689351e+00
1.955034213098729226e-03 -7.241202786145194414e-01 2.186430911888761042e+00
2.932551319648093839e-03 -1.706628380931679567e+00 1.770850848111806597e+00
3.910068426197458452e-03 -2.443781864556795913e+00 8.493632473384589154e-01
4.887585532746823065e-03 -2.654277569491415800e+00 -3.125035936130570180e-01
5.865102639296187678e-03 -2.295852053795663927e+00 -1.510086681271999520e+00
6.842619745845552291e-03 -1.478486962344148337e+00 -2.436258196518268360e+00
7.820136852394916904e-03 -2.499039631440133635e-01 -2.889241033463036956e+00
8.797653958944280650e-03 1.069279028407316590e+00 -2.740272464656271723e+00
9.775171065493646130e-03 2.192371767855444631e+00 -2.035198363017844070e+00
1.075268817204301161e-02 2.891357195761325105e+00 -9.064405990141102265e-01
1.173020527859237536e-02 2.979055248273745349e+00 4.544008587089725659e-01
1.270772238514173910e-02 2.410325816445871183e+00 1.714012183547878321e+00
1.368523949169110458e-02 1.453221300442073538e+00 2.539544736599111285e+00
1.466275659824047006e-02 2.071155102717756602e-01 2.867315562694433329e+00
1.564027370478983381e-02 -1.044782013247418595e+00 2.621508362900781819e+00
1.661779081133919755e-02 -2.040937334231827549e+00 1.808868457759087001e+00
1.759530791788856130e-02 -2.551229399996708835e+00 6.813028259305504708e-01
1.857282502443792851e-02 -2.474329305446289595e+00 -4.739468784445853844e-01
1.955034213098729226e-02 -1.916820385484506062e+00 -1.437616907087484019e+00
2.052785923753665601e-02 -9.871843637360162571e-01 -1.988574751928225526e+00
2.150537634408602322e-02 -3.981216010718273413e-02 -2.076173749894517417e+00
2.248289345063538697e-02 8.397685295875868539e-01 -1.737049298880793957e+00
2.346041055718475071e-02 1.432051542802048827e+00 -1.059903787392534991e+00
2.443792766373411446e-02 1.545275446875430836e+00 -2.786943423883376791e-01
2.541544477028347820e-02 1.305515601487396982e+00 4.320498360402499349e-01
2.639296187683284542e-02 7.999393341501284116e-01 9.007223941440176684e-01
2.737047898338220916e-02 2.197315706662943680e-01 9.342427365417157459e-01
2.834799608993157291e-02 -2.455625597954093908e-01 7.932922355334258713e-01
2.932551319648094013e-02 -4.785355419395814769e-01 3.762356299205932286e-01
3.030303030303030387e-02 -4.667332649177240445e-01 -1.827383534495373787e-02
3.128054740957966762e-02 -2.005350170755230699e-01 -3.341910654457839192e-01
3.225806451612903136e-02 1.435126881753626960e-01 -3.596961651136935667e-01
3.323558162267839511e-02 4.854590677302052515e-01 -1.386425843322612317e-01
3.421309872922775885e-02 6.913752856057682195e-01 2.594590663160435406e-01
3.519061583577712260e-02 5.104540230333621809e-01 6.918034931607818239e-01
3.616813294232649328e-02 9.134602979322549443e-02 1.052451014481981639e+00
3.714565004887585703e-02 -4.969606733456173875e-01 1.177274918043268004e+00
3.812316715542522078e-02 -1.136461681067855389e+00 9.138955891543424359e-01
3.910068426197458452e-02 -1.617196415328185255e+00 3.425096561896796565e-01
4.007820136852394827e-02 -1.776720154783180572e+00 -4.706866100404968334e-01
4.105571847507331201e-02 -1.436122376511618226e+00 -1.321176520013731981e+00
4.203323558162267576e-02 -7.726013644678954018e-01 -1.971812869958896819e+00
4.301075268817204644e-02 1.911106231148052004e-01 -2.218907632848739819e+00
4.398826979472141019e-02 1.197808432812821122e+00 -2.052519419081144658e+00
4.496578690127077393e-02 2.062601328376889587e+00 -1.362614898745522440e+00
4.594330400782013768e-02 2.562191422393560902e+00 -2.662875864134203741e-01
4.692082111436950143e-02 2.505584519817996458e+00 8.920002758964528100e-01
4.789833822091886517e-02 1.879640417860364510e+00 1.882384081809827192e+00
4.887585532746822892e-02 8.687340706781483401e-01 2.619138559591179582e+00
4.985337243401759266e-02 -3.362178158522998173e-01 2.754093936805029230e+00
5.083088954056695641e-02 -1.565311268014873969e+00 2.348035316919574456e+00
5.180840664711632709e-02 -2.405581249468095706e+00 1.449217470371962246e+00
5.278592375366569084e-02 -2.758110628422682620e+00 2.110138343925531401e-01
5.376344086021505458e-02 -2.563679869940874045e+00 -1.030655843853365061e+00
5.474095796676441833e-02 -1.835639457135669117e+00 -2.030072211566232188e+00
5.571847507331378208e-02 -7.652322240225206684e-01 -2.563562454178263117e+00
5.669599217986314582e-02 3.876758272057431176e-01 -2.520698513846239219e+00
5.767350928641250957e-02 1.448041147440670251e+00 -2.004663794309516245e+00
5.865102639296188025e-02 2.053193058239681790e+00 -1.104148618012693150e+00
5.962854349951124400e-02 2.263398117239874274e+00 -9.101314392089292216e-02
6.060606060606060774e-02 1.970812172376025018e+00 8.452258633276964472e-01
6.158357771260997149e-02 1.250749865374741088e+00 1.520129248723738558e+00
6.256109481915933523e-02 3.793981111273978524e-01 1.787898158242383628e+00
6.353861192570869898e-02 -3.977283324202199877e-01 1.624728122218799031e+00
6.451612903225806273e-02 -1.005671771114266644e+00 1.113524759785197382e+00
6.549364613880742647e-02 -1.246668472838217578e+00 4.713833563898079393e-01
6.647116324535679022e-02 -1.149938140266082209e+00 -1.245405753033000940e-01
6.744868035190615396e-02 -7.728674072142315277e-01 -5.986423366503168531e-01
6.842619745845551771e-02 -3.195091092179435099e-01 -7.339788564859183184e-01
6.940371456500488145e-02 1.292329456409745947e-01 -6.298069758539149854e-01
7.038123167155424520e-02 3.671728632793274660e-01 -3.476191938581047469e-01
7.135874877810362282e-02 3.779950024303003753e-01 5.918013591476449509e-02
7.233626588465298657e-02 1.945040841951463650e-01 3.143458583354882263e-01
7.331378299120235031e-02 -1.936293381574802630e-01 4.297204538598066170e-01
7.429130009775171406e-02 -5.915906394492677078e-01 2.838526994537914905e-01
7.526881720430107781e-02 -7.524912562578904840e-01 -1.402288816281585526e-01
7.624633431085044155e-02 -7.068809303861764981e-01 -5.747234759110357860e-01
7.722385141739980530e-02 -3.485486887641889853e-01 -1.092830829896013434e+00
7.820136852394916904e-02 1.965562646807469116e-01 -1.301533704040692907e+00
7.917888563049853279e-02 8.969850741266458538e-01 -1.113796311890488333e+00
8.015640273704789653e-02 1.472787221509926692e+00 -7.071488996767215651e-01
8.113391984359726028e-02 1.794685928138838760e+00 1.499899166515477819e-02
8.211143695014662403e-02 1.703102693703990811e+00 8.983476177077854841e-01
8.308895405669598777e-02 1.157469719641474493e+00 1.665005748424640553e+00
8.406647116324535152e-02 3.389334553955878349e-01 2.130165315586769914e+00
8.504398826979471526e-02 -7.042885876987104998e-01 2.146480424325402758e+00
8.602150537634409289e-02 -1.595470227988275758e+00 1.701951099092411601e+00
8.699902248289345663e-02 -2.263931368727629678e+00 8.204474648834694239e-01
8.797653958944282038e-02 -2.424908305822057741e+00 -2.470637731067489018e-01
8.895405669599218412e-02 -2.177885348213793204e+00 -1.338867234735745537e+00
8.993157380254154787e-02 -1.376555347758715131e+00 -2.133140187185819769e+00
9.090909090909091161e-02 -2.688705137110099508e-01 -2.555993622322091596e+00
9.188660801564027536e-02 8.542947831978001672e-01 -2.481163926527399255e+00
9.286412512218963911e-02 1.851903969962653607e+00 -1.824617667971324853e+00
9.384164222873900285e-02 2.450266221990969662e+00 -8.028687952520534576e-01
9.481915933528836660e-02 2.531480814212687225e+00 3.714686921882465187e-01
9.579667644183773034e-02 2.007022957272437846e+00 1.371756542011776769e+00
9.677419354838709409e-02 1.180109789577453938e+00 2.097168304247862824e+00
9.775171065493645783e-02 1.579740410100895498e-01 2.270480484509724395e+00
9.872922776148582158e-02 -8.415122064209411556e-01 2.094922725008076636e+00
9.970674486803518533e-02 -1.597271797417178396e+00 1.469338296705532620e+00
1.006842619745845491e-01 -1.990616673699118211e+00 5.279286448469902027e-01
1.016617790811339128e-01 -1.906642412769185002e+00 -3.729440118227883016e-01
1.026392961876832904e-01 -1.400092172485372544e+00 -1.109866505998331476e+00
1.036168132942326542e-01 -6.913172783717446146e-01 -1.461877831436986019e+00
1.045943304007820179e-01 4.438533801247868116e-02 -1.470969725264127836e+00
1.055718475073313817e-01 6.397406681402654227e-01 -1.147716018953743422e+00
1.065493646138807454e-01 9.665313468288883048e-01 -6.399589702073489317e-01
1.075268817204301092e-01 9.926383020316997818e-01 -6.319849067053753822e-02
1.085043988269794729e-01 7.544677372500960821e-01 3.811082778221835388e-01
1.094819159335288367e-01 3.358084588684972505e-01 6.007845832244322892e-01
1.104594330400782004e-01 -8.471281176018913284e-02 5.041715043409230601e-01
1.114369501466275642e-01 -3.152865147500645282e-01 2.593591598022181310e-01
1.124144672531769279e-01 -3.746431409820734082e-01 -1.009881192781631187e-01
1.133919843597262916e-01 -1.774911123756690579e-01 -3.989774545761443081e-01
1.143695014662756554e-01 1.893116796165369153e-01 -4.671345429499488833e-01
1.153470185728250191e-01 5.587547944071371564e-01 -3.958946437890452641e-01
1.163245356793743829e-01 8.374950221233554704e-01 1.213954696146541182e-02
1.173020527859237605e-01 8.415533364496258217e-01 4.782743855031806324e-01
1.182795698924731242e-01 5.734980115724059857e-01 9.878874179445138459e-01
1.192570869990224880e-01 8.532000307741351153e-02 1.352193746507409422e+00
1.202346041055718517e-01 -6.179242852300230737e-01 1.338048591262690490e+00
1.212121212121212155e-01 -1.231711073738831930e+00 1.039174182076056052e+00
1.221896383186705792e-01 -1.679191317077675105e+00 3.664913666052530550e-01
1.231671554252199430e-01 -1.773521522921963633e+00 -4.462710637670882496e-01
1.241446725317693067e-01 -1.492465406826420038e+00 -1.284866628456284854e+00
1.251221896383186705e-01 -8.150936956462463412e-01 -1.912623381140877710e+00
1.260997067448680342e-01 1.044602227869851352e-01 -2.129993286396046681e+00
1.270772238514173980e-01 1.125965361271317855e+00 -1.934897288450941666e+00
1.280547409579667617e-01 1.929883043490477235e+00 -1.260146919618121197e+00
1.290322580645161255e-01 2.351894267169619024e+00 -3.250054964318924711e-01
1.300097751710654892e-01 2.283578923218689827e+00 7.370620012728927861e-01
1.309872922776148529e-01 1.703068960069457516e+00 1.698930115119393403e+00
1.319648093841642167e-01 7.947974026091388922e-01 2.300416773361314782e+00
1.329423264907135804e-01 -2.812216665611635968e-01 2.398731498730737322e+00
1.339198435972629442e-01 -1.282551750496168985e+00 2.050788310528140368e+00
1.348973607038123079e-01 -2.043341116877475105e+00 1.246902884812074230e+00
1.358748778103616717e-01 -2.323612176063433843e+00 2.223399453399774461e-01
1.368523949169110354e-01 -2.142824018651447116e+00 -7.738276286873201348e-01
1.378299120234603992e-01 -1.533310830447841333e+00 -1.604435547422552899e+00
1.388074291300097629e-01 -6.242508034846749876e-01 -2.067140934771087846e+00
1.397849462365591267e-01 3.029802828900945988e-01 -1.991773912983236139e+00
1.407624633431084904e-01 1.125707209901358086e+00 -1.593472032085137657e+00
1.417399804496578819e-01 1.630866040159248742e+00 -8.548317442387080023e-01
1.427174975562072456e-01 1.759447828325070740e+00 -4.912455921043141355e-02
1.436950146627566094e-01 1.412595611209801927e+00 6.812259232136146370e-01
1.446725317693059731e-01 8.745223091727404308e-01 1.113271529350054356e+00
1.456500488758553369e-01 2.691951692951751185e-01 1.272513157255099836e+00
1.466275659824047006e-01 -3.710937633625958632e-01 1.067698227295391211e+00
1.476050830889540644e-01 -6.894765537625221485e-01 6.596487253985303667e-01
1.485826001955034281e-01 -8.155915300931916301e-01 1.885608417994764641e-01
1.495601173020527919e-01 -6.291058107680007616e-01 -2.212164140024640846e-01
1.505376344086021556e-01 -2.885307497947348088e-01 -4.311096324489104292e-01
1.515151515151515194e-01 6.744010481628170961e-02 -4.191435965921453399e-01
1.524926686217008831e-01 3.232747276313483464e-01 -2.219098489445067157e-01
1.534701857282502468e-01 3.755282504369998886e-01 1.248498422277225378e-01
1.544477028347996106e-01 2.012043143893035291e-01 4.618286138396173746e-01
1.554252199413489743e-01 -1.447055528492178500e-01 5.551320526717962167e-01
1.564027370478983381e-01 -5.551636003330701064e-01 4.931523854044224109e-01
1.573802541544477018e-01 -8.549657416038646263e-01 1.846372551279512331e-01
1.583577712609970656e-01 -9.823802733872798454e-01 -2.800449039149851549e-01
1.593352883675464293e-01 -8.261236161179943416e-01 -8.286194416868900570e-01
1.603128054740957931e-01 -3.873169699578548064e-01 -1.247717161520444096e+00
1.612903225806451568e-01 2.519242306232380435e-01 -1.412563582865494105e+00
1.622678396871945206e-01 9.644552012033295041e-01 -1.236445863786370447e+00
1.632453567937438843e-01 1.518658707065573044e+00 -7.361709960501970906e-01
1.642228739002932481e-01 1.852133828144653549e+00 9.658477506386395003e-03
1.652003910068426118e-01 1.684126869475994770e+00 8.818309344402422978e-01
1.661779081133919755e-01 1.182020295076747329e+00 1.612804223935661030e+00
1.671554252199413393e-01 3.825233594976503171e-01 2.029892619789344543e+00
1.681329423264907030e-01 -5.945880574247264239e-01 2.039691762192580970e+00
1.691104594330400668e-01 -1.452198095962419666e+00 1.576655913706758838e+00
1.700879765395894305e-01 -2.079817409867761757e+00 8.185275235537597949e-01
1.710654936461387943e-01 -2.246087630896615117e+00 -1.733928946204419674e-01
1.720430107526881858e-01 -1.939882486269067119e+00 -1.154017345766362945e+00
1.730205278592375495e-01 -1.267916053996990922e+00 -1.910773293439244513e+00
1.739980449657869133e-01 -2.841267003892610221e-01 -2.188809974561387151e+00
1.749755620723362770e-01 7.067238140843455918e-01 -2.095081627414897341e+00
1.759530791788856408e-01 1.549314457458623284e+00 -1.553340047771534893e+00
1.769305962854350045e-01 2.044983662812128067e+00 -6.733782029303067018e-01
1.779081133919843682e-01 2.033087318338381078e+00 2.418695616151446959e-01
1.788856304985337320e-01 1.666054645881330343e+00 1.099094269090588494e+00
1.798631476050830957e-01 9.600214248853543575e-01 1.628341561233607626e+00
1.808406647116324595e-01 1.105324365387900243e-01 1.830363895728002621e+00
1.818181818181818232e-01 -6.739014875183694242e-01 1.602076344070726632e+00
1.827956989247311870e-01 -1.224780728200136837e+00 1.053972017856118715e+00
1.837732160312805507e-01 -1.446863032337754928e+00 3.696466006546698102e-01
1.847507331378299145e-01 -1.358291964110368566e+00 -3.347414021292415276e-01
1.857282502443792782e-01 -9.509261445413000891e-01 -8.236163787813008952e-01
1.867057673509286420e-01 -4.008447330905028361e-01 -1.032080160004111624e+00
1.876832844574780057e-01 1.357773224161154813e-01 -9.432812994455950228e-01
1.886608015640273694e-01 5.000094676205741884e-01 -6.960360214131176004e-01
1.896383186705767332e-01 6.482190569323191820e-01 -2.507109550554964539e-01
1.906158357771260969e-01 5.021217995842003345e-01 1.133578213152072744e-01
1.915933528836754607e-01 2.565048805014218947e-01 3.843365555687991431e-01
1.925708699902248244e-01 -5.960427358497996653e-02 4.029286803931834693e-01
1.935483870967741882e-01 -3.049905485381042003e-01 1.865752413633561535e-01
1.945259042033235519e-01 -4.125645417995853492e-01 -8.812102879904648578e-02
1.955034213098729157e-01 -2.922051804100461170e-01 -4.651076674179649428e-01
1.964809384164222794e-01 1.021683154241299907e-02 -6.406876129565075573e-01
1.974584555229716432e-01 4.951306401671488611e-01 -6.818137360730364138e-01
1.984359726295210069e-01 8.623951870014883170e-01 -3.855270849945113265e-01
1.994134897360703707e-01 1.063691646606609309e+00 7.326405614996386872e-02
2.003910068426197344e-01 9.979410900260722306e-01 6.322151266962146021e-01
2.013685239491690981e-01 6.508967406788170873e-01 1.126194362690151829e+00
2.023460410557184619e-01 5.657706771043545524e-02 1.448589445952527255e+00
2.033235581622678256e-01 -6.316021582855689820e-01 1.398966261226356256e+00
2.043010752688172171e-01 -1.255615912908189413e+00 1.067107635416491673e+00
2.052785923753665809e-01 -1.695140361051531874e+00 3.987699747708603470e-01
2.062561094819159446e-01 -1.788828460224185735e+00 -4.374742836090646514e-01
2.072336265884653084e-01 -1.477259761036005647e+00 -1.227054302246704198e+00
2.082111436950146721e-01 -7.810532133556966627e-01 -1.825519430448810265e+00
2.091886608015640359e-01 1.086670827384819266e-01 -2.029275861352781707e+00
2.101661779081133996e-01 9.699135915696792676e-01 -1.792453753943145323e+00
2.111436950146627634e-01 1.691308229697434440e+00 -1.226816010112843358e+00
2.121212121212121271e-01 2.075355712659161966e+00 -3.632621948632661080e-01
2.130987292277614908e-01 2.036949132262392492e+00 6.147539983444854084e-01
2.140762463343108546e-01 1.555560247992051615e+00 1.459338842806059189e+00
2.150537634408602183e-01 7.662954569124793558e-01 1.936253329419717284e+00
2.160312805474095821e-01 -1.737011043219692241e-01 2.054644270307895759e+00
2.170087976539589458e-01 -1.040253212977638508e+00 1.709293178030270255e+00
2.179863147605083096e-01 -1.645053605614803072e+00 1.081391760035469884e+00
2.189638318670576733e-01 -1.902913204746044640e+00 1.980654354995592947e-01
2.199413489736070371e-01 -1.679861626508156069e+00 -6.498844345833512115e-01
2.209188660801564008e-01 -1.201584811858243063e+00 -1.268014296764018223e+00
2.218963831867057646e-01 -4.764265949021777580e-01 -1.594163426156388175e+00
2.228739002932551283e-01 2.515856739774244288e-01 -1.546442095315573306e+00
2.238514173998044920e-01 8.829689150302321154e-01 -1.144291668431146158e+00
2.248289345063538558e-01 1.198986261478563797e+00 -6.026664887283431637e-01
2.258064516129032195e-01 1.190880282745652607e+00 1.127736577126763930e-02
2.267839687194525833e-01 9.217456589020068813e-01 5.303931843874098995e-01
2.277614858260019470e-01 4.780220737549730203e-01 8.114970128342928746e-01
2.287390029325513108e-01 2.318105135578578738e-02 8.213849236203744075e-01
2.297165200391006745e-01 -3.329069438829566074e-01 6.379894571869937359e-01
2.306940371456500383e-01 -4.949167537196315636e-01 2.737468161142759260e-01
2.316715542521994020e-01 -4.608096680740619844e-01 -7.477926326950895541e-02
2.326490713587487658e-01 -2.273784524309240551e-01 -2.669058440627996021e-01
2.336265884652981295e-01 6.369953051390116194e-02 -3.355404758709623070e-01
2.346041055718475210e-01 3.498829819299010269e-01 -1.538036770222537819e-01
2.355816226783968848e-01 4.564503870226145343e-01 1.034928644474341353e-01
2.365591397849462485e-01 3.772395343728298100e-01 4.527721381063793404e-01
2.375366568914956122e-01 8.477667733644735082e-02 6.918960220170128350e-01
2.385141739980449760e-01 -3.306324791448704281e-01 7.602787667712396225e-01
2.394916911045943397e-01 -7.634738595803125527e-01 5.840902794432801803e-01
2.404692082111437035e-01 -1.047155632745401022e+00 1.304703004753344220e-01
2.414467253176930672e-01 -1.124028533157398035e+00 -3.974235480459368253e-01
2.424242424242424310e-01 -8.773218098245119112e-01 -9.857168984447046700e-01
2.434017595307917947e-01 -4.299065972863271301e-01 -1.343552620904549189e+00
2.443792766373411585e-01 2.822577106772570232e-01 -1.478212035159164550e+00
2.453567937438905222e-01 9.293666788552860103e-01 -1.277808077331696879e+00
2.463343108504398860e-01 1.563201074557825532e+00 -7.287799193465565040e-01
2.473118279569892497e-01 1.754095732710037936e+00 -1.390563651516601822e-02
2.482893450635386134e-01 1.624164163172830522e+00 8.102352474765529555e-01
2.492668621700879772e-01 1.087413316706125732e+00 1.478988864171412843e+00
2.502443792766373409e-01 3.698376917937341024e-01 1.861223782176271824e+00
2.512218963831867047e-01 -5.032619845703681927e-01 1.847465425950160833e+00
2.521994134897360684e-01 -1.303390673188688398e+00 1.455697932311121656e+00
2.531769305962854322e-01 -1.822387324820934795e+00 7.635107395170783740e-01
2.541544477028347959e-01 -2.018296455084429120e+00 -1.455605454464096171e-01
2.551319648093841597e-01 -1.707410184048796076e+00 -9.417651678373525348e-01
2.561094819159335234e-01 -1.069942184224770720e+00 -1.587368740774788733e+00
2.570869990224828872e-01 -2.700262219638969730e-01 -1.891625996632937179e+00
2.580645161290322509e-01 5.682785203451689027e-01 -1.766135143326088341e+00
2.590420332355816146e-01 1.260777751039377170e+00 -1.279890997344095505e+00
2.600195503421309784e-01 1.604446663841682996e+00 -5.273401404752730004e-01
2.609970674486803421e-01 1.682217549137240420e+00 2.094093569438343350e-01
2.619745845552297059e-01 1.284872198594997350e+00 9.085867362371716771e-01
2.629521016617790696e-01 7.434998466371908199e-01 1.284753502505650236e+00
2.639296187683284334e-01 5.613566630445927796e-02 1.357154672424245812e+00
2.649071358748777971e-01 -5.378511593506868360e-01 1.178660664122053392e+00
2.658846529814271609e-01 -9.147447004940530979e-01 7.060648312064735643e-01
2.668621700879765246e-01 -1.041840133154225967e+00 2.042001266205508703e-01
2.678396871945258884e-01 -8.397907731699674194e-01 -3.048601455833277463e-01
2.688172043010752521e-01 -5.390338632373977701e-01 -5.993834516444398464e-01
2.697947214076246158e-01 -1.326436616955545267e-01 -7.177347896058525745e-01
2.707722385141739796e-01 1.947973426939260400e-01 -5.378937520347261136e-01
2.717497556207233433e-01 4.168928569926563799e-01 -2.653561827696747644e-01
2.727272727272727071e-01 3.879395430870825057e-01 5.032610872432816129e-02
2.737047898338220708e-01 1.681890235205052986e-01 2.579303834520176308e-01
2.746823069403714346e-01 -8.291396792644259439e-02 3.495101869065017075e-01
2.756598240469207983e-01 -3.471826354099405432e-01 1.919527966855014145e-01
2.766373411534701621e-01 -5.132787481102615290e-01 -2.900541312193277363e-02
2.776148582600195258e-01 -4.842705123058247407e-01 -4.308079451110193303e-01
2.785923753665688896e-01 -2.625344224848689678e-01 -7.326754047353291055e-01
2.795698924731182533e-01 2.096147501929137014e-01 -8.398574234018945095e-01
2.805474095796676171e-01 6.179123051073099893e-01 -7.235443641340273402e-01
2.815249266862169808e-01 1.001252411951857768e+00 -3.915741513240430516e-01
2.825024437927664001e-01 1.162389775278726889e+00 1.449385592097175435e-01
2.834799608993157638e-01 1.091837428422953282e+00 7.251468204218702862e-01
2.844574780058651275e-01 6.564355984189351734e-01 1.196344802136880547e+00
2.854349951124144913e-01 6.138595742624830542e-02 1.433292160096758749e+00
2.864125122189638550e-01 -5.951874386293088959e-01 1.395784912538343692e+00
2.873900293255132188e-01 -1.205266576746300666e+00 1.046009013582374969e+00
2.883675464320625825e-01 -1.630884219573820015e+00 3.816461488471258878e-01
2.893450635386119463e-01 -1.677160608582730861e+00 -4.143227909883048232e-01
2.903225806451613100e-01 -1.351689143864103659e+00 -1.108085916518523728e+00
2.913000977517106738e-01 -7.604875655130570733e-01 -1.601279365851096648e+00
2.922776148582600375e-01 5.936507709277547007e-02 -1.825810728307292852e+00
2.932551319648094013e-01 8.700284249319275576e-01 -1.620246768976575602e+00
2.942326490713587650e-01 1.501246802536033487e+00 -1.117087827350821350e+00
2.952101661779081287e-01 1.824716543703613691e+00 -2.896872650165481233e-01
2.961876832844574925e-01 1.758567101456652182e+00 4.843193991829822243e-01
2.971652003910068562e-01 1.329732674443888873e+00 1.219917419703930861e+00
2.981427174975562200e-01 6.350788061063141754e-01 1.603530721496781108e+00
2.991202346041055837e-01 -1.381731501782475779e-01 1.652829434598539260e+00
3.000977517106549475e-01 -8.499246903987518476e-01 1.391202018197482015e+00
3.010752688172043112e-01 -1.329339333930624534e+00 8.230212638226188648e-01
3.020527859237536750e-01 -1.499835084372352023e+00 1.083093371335495381e-01
3.030303030303030387e-01 -1.333730063160072143e+00 -5.398684003212993465e-01
3.040078201368524025e-01 -8.769896434475156211e-01 -9.888728744451202868e-01
3.049853372434017662e-01 -3.002494633405001778e-01 -1.188059565998369260e+00
3.059628543499511300e-01 2.599196305365633064e-01 -1.109726079230051843e+00
3.069403714565004937e-01 6.670833261679354198e-01 -7.674436569795333174e-01
3.079178885630498574e-01 8.663312849694844164e-01 -3.309655489433698250e-01
3.088954056695992212e-01 7.965936077488050548e-01 7.604762630377939758e-02
3.098729227761485849e-01 5.177198753388747576e-01 4.142760744707095766e-01
3.108504398826979487e-01 2.217624446231410973e-01 5.341406683745245632e-01
3.118279569892473124e-01 -1.067440681540949982e-01 4.792171708228225580e-01
3.128054740957966762e-01 -3.182960763580099939e-01 2.406554641162985952e-01
3.137829912023460399e-01 -3.515719137421870477e-01 -5.381067284328124728e-02
3.147605083088954037e-01 -2.090612015181930461e-01 -2.586367523278358393e-01
3.157380254154447674e-01 4.097897385927398023e-02 -3.599151019849783362e-01
3.167155425219941312e-01 3.573276804312426336e-01 -2.738698998151954944e-01
3.176930596285434949e-01 5.617188840774588465e-01 -3.976364945658861921e-02
3.186705767350928586e-01 5.593858179162320976e-01 2.860903023671195200e-01
3.196480938416422224e-01 3.775988150708693425e-01 6.492038454202886388e-01
3.206256109481915861e-01 1.364141559804254479e-02 8.381144820303095822e-01
3.216031280547409499e-01 -4.943977551352544131e-01 8.572852961027439544e-01
3.225806451612903136e-01 -9.080695116870558525e-01 6.089634121507148112e-01
3.235581622678396774e-01 -1.110959808511833957e+00 1.467871836155208720e-01
3.245356793743890411e-01 -1.205718134242317552e+00 -4.013797567605048022e-01
3.255131964809384049e-01 -8.961836484788315849e-01 -9.709110862287569921e-01
3.264907135874877686e-01 -3.906385596934466853e-01 -1.350191646306979631e+00
3.274682306940371324e-01 2.404731339221519992e-01 -1.467020020111745149e+00
3.284457478005864961e-01 8.927413760242279839e-01 -1.209350918120546403e+00
3.294232649071358598e-01 1.416196919044147684e+00 -7.020542153847366684e-01
3.304007820136852236e-01 1.635748116491351434e+00 -5.444796531081456947e-02
3.313782991202345873e-01 1.521427559292758858e+00 6.995112612285936393e-01
3.323558162267839511e-01 1.042261673822242329e+00 1.340386650516104172e+00
3.333333333333333148e-01 3.419916075649134801e-01 1.676318543965040764e+00
3.343108504398826786e-01 -4.295910102756678728e-01 1.668534003339008143e+00
3.352883675464320423e-01 -1.102586724386642514e+00 1.296893225068186162e+00
3.362658846529814061e-01 -1.583224489519599931e+00 6.711635237890152261e-01
3.372434017595307698e-01 -1.656954610823075047e+00 -1.146882983638419506e-01
3.382209188660801336e-01 -1.419947890420512060e+00 -7.749138205006275149e-01
3.391984359726294973e-01 -9.272575623990494398e-01 -1.318935682481525706e+00
3.401759530791788610e-01 -2.178534078639394467e-01 -1.508937900814188104e+00
3.411534701857282248e-01 4.931792963300333787e-01 -1.414426231786082955e+00
3.421309872922775885e-01 9.970417625998223565e-01 -1.019440952252018029e+00
3.431085043988269523e-01 1.277263561073545217e+00 -4.204498402294646886e-01
3.440860215053763715e-01 1.233529898383707302e+00 2.119175946663612309e-01
3.450635386119257353e-01 9.858667358572685835e-01 7.051489762743592404e-01
3.460410557184750990e-01 5.131262238833481648e-01 9.700616150788179404e-01
3.470185728250244628e-01 -1.704161356233816621e-02 1.004386350943507811e+00
3.479960899315738265e-01 -3.991986718888821950e-01 7.715277545961657379e-01
3.489736070381231903e-01 -6.508250516366622662e-01 4.360145092653713861e-01
3.499511241446725540e-01 -7.143281765071011202e-01 3.997807375229076032e-02
3.509286412512219178e-01 -5.146818015688553460e-01 -2.620770471865963569e-01
3.519061583577712815e-01 -2.031883191927432164e-01 -4.056336556197695509e-01
3.528836754643206453e-01 1.185729886478739115e-01 -3.861467599928559147e-01
3.538611925708700090e-01 3.035528638273748969e-01 -2.075111445943901289e-01
3.548387096774193727e-01 3.199950942248458441e-01 5.098728286116132463e-02
3.558162267839687365e-01 2.227803386406869146e-01 3.009098042565622744e-01
3.567937438905181002e-01 -6.962975900120130235e-02 4.266772110302381460e-01
3.577712609970674640e-01 -3.881797411203504744e-01 3.480751411117836147e-01
3.587487781036168277e-01 -5.587558353488962792e-01 1.376364156645167314e-01
3.597262952101661915e-01 -6.187916194427834915e-01 -1.912779856878092377e-01
3.607038123167155552e-01 -5.096697978923317995e-01 -6.028384161809758890e-01
3.616813294232649190e-01 -2.381276822722687148e-01 -8.497923308487751459e-01
3.626588465298142827e-01 2.649828931911815677e-01 -9.346740218895764896e-01
3.636363636363636465e-01 7.470935451862192878e-01 -7.950990626512514092e-01
3.646138807429130102e-01 1.095165463606458278e+00 -3.924257846990455989e-01
3.655913978494623739e-01 1.219947552347448116e+00 1.356181296556014382e-01
3.665689149560117377e-01 1.088716857079253142e+00 6.883265586317206530e-01
3.675464320625611014e-01 6.644703126452152775e-01 1.194718948314088314e+00
3.685239491691104652e-01 1.102884603428282012e-01 1.402179246328087547e+00
3.695014662756598289e-01 -5.683718190645309365e-01 1.383115816648283980e+00
3.704789833822091927e-01 -1.138527848903420736e+00 9.520254121643019207e-01
3.714565004887585564e-01 -1.492713706078487412e+00 3.569251228957951994e-01
3.724340175953079202e-01 -1.543824985848889941e+00 -3.288049196312904932e-01
3.734115347018572839e-01 -1.208087768901791481e+00 -9.621839449416172974e-01
3.743890518084066477e-01 -7.010253703127948821e-01 -1.402449670167160933e+00
3.753665689149560114e-01 1.538466511278461547e-02 -1.603839726354061135e+00
3.763440860215053752e-01 7.292079658491823491e-01 -1.411591182693962887e+00
3.773216031280547389e-01 1.285746316154939173e+00 -9.057702783342296282e-01
3.782991202346041026e-01 1.512670316810574178e+00 -2.794533379310054633e-01
3.792766373411534664e-01 1.457585019611635335e+00 4.075997105510091867e-01
3.802541544477028301e-01 1.063866678195695803e+00 9.860498609912609069e-01
3.812316715542521939e-01 5.370204784749545990e-01 1.306229597654603003e+00
3.822091886608015576e-01 -1.147778387014307955e-01 1.329390088010898641e+00
3.831867057673509214e-01 -6.924301060859161527e-01 1.072757889504614814e+00
3.841642228739002851e-01 -1.011575342871223526e+00 6.262401939872050960e-01
3.851417399804496489e-01 -1.123432140265360202e+00 7.715525298792137721e-02
3.861192570869990126e-01 -9.458900909897993703e-01 -4.013790377680848120e-01
3.870967741935483764e-01 -6.056400165255585444e-01 -7.586009164092319956e-01
3.880742913000977401e-01 -1.718687901009856023e-01 -8.690317307442411154e-01
3.890518084066471038e-01 2.059695162237147326e-01 -7.824682171222399063e-01
3.900293255131964676e-01 4.636932251096796964e-01 -4.581127111852054679e-01
3.910068426197458313e-01 5.282559314662655936e-01 -1.412418122704624801e-01
3.919843597262951951e-01 4.612954015415742237e-01 1.941755801763678513e-01
3.929618768328445588e-01 2.298164671363589484e-01 3.652002545782617737e-01
3.939393939393939226e-01 -4.166083697405564140e-02 3.527480316794485149e-01
3.949169110459432863e-01 -2.550876337910221170e-01 1.915670366158136184e-01
3.958944281524926501e-01 -3.376880001399098497e-01 -1.926501316110582410e-02
3.968719452590420138e-01 -2.367766690336985114e-01 -2.752061822700900828e-01
3.978494623655913776e-01 4.061797580876864641e-03 -4.414801992038698275e-01
3.988269794721407413e-01 2.915165226736755044e-01 -4.491055946501457674e-01
3.998044965786901050e-01 5.623084098808798226e-01 -2.210186407758818472e-01
4.007820136852394688e-01 6.906371190801432469e-01 8.921591811149770512e-02
4.017595307917888325e-01 6.519265432249351511e-01 4.355657113098223565e-01
4.027370478983381963e-01 4.071134534945990979e-01 7.839038998163134764e-01
4.037145650048875600e-01 -1.751397396910592957e-03 9.520649580433065973e-01
4.046920821114369238e-01 -4.956369628117227588e-01 9.327202071715390286e-01
4.056695992179862875e-01 -9.547488338317172696e-01 6.285448921182449356e-01
4.066471163245356513e-01 -1.135594227562682024e+00 1.857460242977807541e-01
4.076246334310850705e-01 -1.187350041076042029e+00 -4.425948080742894697e-01
4.086021505376344343e-01 -8.887622518286718565e-01 -9.563387434377564889e-01
4.095796676441837980e-01 -3.819862882138858606e-01 -1.256128840605347685e+00
4.105571847507331618e-01 2.430368248395513575e-01 -1.395731177756038832e+00
4.115347018572825255e-01 8.092586615594725696e-01 -1.133592102817592595e+00
4.125122189638318893e-01 1.276402546367784163e+00 -6.969288633699950442e-01
4.134897360703812530e-01 1.441904254112484240e+00 -5.072530622524244748e-02
4.144672531769306167e-01 1.349129166198870244e+00 6.267774147458059497e-01
4.154447702834799805e-01 9.681602471442064539e-01 1.181331499560227094e+00
4.164222873900293442e-01 3.261640141075954902e-01 1.444666108233839008e+00
4.173998044965787080e-01 -3.812398481738686895e-01 1.418676773208714881e+00
4.183773216031280717e-01 -9.090018341065925211e-01 1.073011290951517038e+00
4.193548387096774355e-01 -1.297434670910602827e+00 5.698104764107656539e-01
4.203323558162267992e-01 -1.349152943464940302e+00 -7.715205015777941433e-02
4.213098729227761630e-01 -1.133236810870422495e+00 -6.938811218131375469e-01
4.222873900293255267e-01 -7.250792708917801477e-01 -1.037351283606522623e+00
4.232649071358748905e-01 -1.385097983231539376e-01 -1.171751732161981030e+00
4.242424242424242542e-01 4.143616956705951093e-01 -1.063155153745420689e+00
4.252199413489736179e-01 7.992714576195130149e-01 -7.285667297008193710e-01
4.261974584555229817e-01 9.613834546495543254e-01 -2.918662502826481764e-01
4.271749755620723454e-01 9.069702156813035376e-01 1.887646474570573996e-01
4.281524926686217092e-01 6.493372087977834495e-01 5.441981420746802023e-01
4.291300097751710729e-01 2.773131191781847416e-01 7.182170259878530860e-01
4.301075268817204367e-01 -5.810458697837141834e-02 6.677027203681744627e-01
4.310850439882698004e-01 -3.666831709212990398e-01 4.584656636175712396e-01
4.320625610948191642e-01 -4.704526642442796724e-01 2.068001911160742001e-01
4.330400782013685279e-01 -3.833998548861169420e-01 -1.291388316086256038e-01
4.340175953079178917e-01 -1.867544813198995235e-01 -3.167532510976585058e-01
4.349951124144672554e-01 9.896976554372045876e-02 -3.053928046886245640e-01
4.359726295210166191e-01 2.836574961424541130e-01 -2.052398971204663636e-01
4.369501466275659829e-01 3.395874232871163856e-01 6.598669878706855257e-03
4.379276637341153466e-01 2.557607881520141957e-01 2.763046399748111392e-01
4.389051808406647104e-01 7.741350639352155560e-02 4.111355589358440810e-01
4.398826979472140741e-01 -2.384024739829718187e-01 5.060904600651729979e-01
4.408602150537634379e-01 -5.393143745938817624e-01 3.801004606129912422e-01
4.418377321603128016e-01 -6.896447567866250683e-01 9.503692387254762675e-02
4.428152492668621654e-01 -7.568246367454186663e-01 -2.995010363664913910e-01
4.437927663734115291e-01 -5.439516194610469757e-01 -6.829673600196555228e-01
4.447702834799608929e-01 -1.687031201369559585e-01 -9.759949679199841910e-01
4.457478005865102566e-01 2.771373502093006369e-01 -9.851259796488204268e-01
4.467253176930596203e-01 7.268724575316607428e-01 -8.144340347660331547e-01
4.477028347996089841e-01 1.081871229118288813e+00 -3.921598652193860057e-01
4.486803519061583478e-01 1.214185561386264434e+00 1.305184003227521650e-01
4.496578690127077116e-01 1.067496542921251734e+00 6.697449572936938766e-01
4.506353861192570753e-01 6.605869296679476310e-01 1.120234994088976199e+00
4.516129032258064391e-01 1.408258628972358650e-01 1.309213710545110487e+00
4.525904203323558028e-01 -5.124026949510744888e-01 1.232446454053886420e+00
4.535679374389051666e-01 -1.014507253571502954e+00 8.999452833908865301e-01
4.545454545454545303e-01 -1.310672615417207254e+00 3.842794791073492200e-01
4.555229716520038941e-01 -1.309726554047944580e+00 -2.579561186707269860e-01
4.565004887585532578e-01 -1.078241651473270668e+00 -8.101089009106891003e-01
4.574780058651026216e-01 -5.978885393300891193e-01 -1.250022800108922638e+00
4.584555229716519853e-01 -1.873921130115183131e-02 -1.280004030958976413e+00
4.594330400782013490e-01 5.990600036436586340e-01 -1.173776311111756288e+00
4.604105571847507128e-01 1.043961627285740823e+00 -7.671001624490674242e-01
4.613880742913000765e-01 1.218101428824532650e+00 -2.173179253282802592e-01
4.623655913978494403e-01 1.136073508131880683e+00 3.270671136403810464e-01
4.633431085043988040e-01 8.444457812625365545e-01 8.367421618438880548e-01
4.643206256109481678e-01 4.063494863429785164e-01 1.018308772430574605e+00
4.652981427174975315e-01 -1.444563001394604251e-01 1.009197452253135285e+00
4.662756598240468953e-01 -5.183431142866695707e-01 7.942653069337860527e-01
4.672531769305962590e-01 -7.897530355278824521e-01 4.191783923291102498e-01
4.682306940371456228e-01 -8.141463909240701513e-01 -1.158252085081172555e-02
4.692082111436950420e-01 -6.242815963327245088e-01 -3.139715202221284862e-01
4.701857282502444058e-01 -3.716193176407688870e-01 -5.427595542350176494e-01
4.711632453567937695e-01 -2.907615511820275944e-02 -5.535891989120057533e-01
4.721407624633431332e-01 2.612335395535002047e-01 -4.279815068072694295e-01
4.731182795698924970e-01 3.890786648214399901e-01 -2.166008138750974699e-01
4.740957966764418607e-01 3.472643230345194287e-01 6.177034291696579388e-02
4.750733137829912245e-01 2.343401026188321745e-01 2.619841505529413861e-01
4.760508308895405882e-01 -2.711616911075325626e-02 3.201365988247374395e-01
4.770283479960899520e-01 -2.262852284330045538e-01 2.040806856769203648e-01
4.780058651026393157e-01 -3.488741734475510614e-01 -2.386056351604695994e-03
4.789833822091886795e-01 -3.435402215558920891e-01 -2.708237451551545605e-01
4.799608993157380432e-01 -1.423525998351418687e-01 -4.313858387992996479e-01
4.809384164222874070e-01 1.304534424239436330e-01 -5.764330127985620722e-01
4.819159335288367707e-01 4.035587517118328638e-01 -4.660383112139013795e-01
4.828934506353861345e-01 6.973055216148039692e-01 -2.088272013056221565e-01
4.838709677419354982e-01 7.706729636814745321e-01 1.207066892708730244e-01
4.848484848484848619e-01 6.688364534200927913e-01 5.351175077154578519e-01
4.858260019550342257e-01 3.723995686000380889e-01 8.661672379384596221e-01
4.868035190615835894e-01 -8.059841487317168096e-02 9.904392167933504521e-01
4.877810361681329532e-01 -5.517714449278354749e-01 8.766921908771578842e-01
4.887585532746823169e-01 -9.381235202698202658e-01 6.064278816009863737e-01
4.897360703812316807e-01 -1.137815500233670063e+00 1.392321953597573381e-01
4.907135874877810444e-01 -1.143227474114078879e+00 -3.617807721326955495e-01
4.916911045943304082e-01 -8.806131723326524607e-01 -8.579819358460143430e-01
4.926686217008797719e-01 -4.011261031952451095e-01 -1.205857575902720358e+00
4.936461388074291357e-01 1.732571345591985001e-01 -1.235077277039323240e+00
4.946236559139784994e-01 7.209068613557175764e-01 -1.017811601532415899e+00
4.956011730205278631e-01 1.175519974956058977e+00 -6.088333089594392122e-01
4.965786901270772269e-01 1.276250158939437940e+00 -3.702747994372195678e-02
4.975562072336265906e-01 1.175909212708039275e+00 5.287605525494036840e-01
4.985337243401759544e-01 8.073226426969284386e-01 9.798499928298900485e-01
4.995112414467253181e-01 2.720329550845905775e-01 1.226698845448937591e+00
5.004887585532746819e-01 -2.810077836059243772e-01 1.197864693376435419e+00
5.014662756598240456e-01 -7.405693427950078567e-01 9.430015036647858562e-01
5.024437927663734094e-01 -1.067173108649422719e+00 4.149164096332538798e-01
5.034213098729227731e-01 -1.071803231104060616e+00 -4.605480300691248974e-02
5.043988269794721369e-01 -9.090992443392729161e-01 -5.237143004651211298e-01
5.053763440860215006e-01 -5.463844328472532430e-01 -8.402863269442508720e-01
5.063538611925708643e-01 -7.943801125305459399e-02 -9.238240864580370415e-01
5.073313782991202281e-01 2.947888138655785917e-01 -7.741848367507478956e-01
5.083088954056695918e-01 6.191894336612324690e-01 -5.019759547436943858e-01
5.092864125122189556e-01 7.071515881205617804e-01 -1.213932355071351554e-01
5.102639296187683193e-01 5.749504113085477375e-01 1.804386413388406052e-01
5.112414467253176831e-01 3.810983267381587436e-01 3.803885049868115931e-01
5.122189638318670468e-01 1.104576204488129237e-01 4.988204887986961711e-01
5.131964809384164106e-01 -1.605470698112005934e-01 3.723365239677921545e-01
5.141739980449657743e-01 -2.941628495717624192e-01 1.691428216627887393e-01
5.151515151515151381e-01 -3.015138005565748403e-01 -2.763344777906473135e-02
5.161290322580645018e-01 -2.139826577144279818e-01 -1.865042034063254528e-01
5.171065493646138655e-01 1.290306182544315519e-02 -2.802749426078687267e-01
5.180840664711632293e-01 1.837661799690475384e-01 -2.190320378381192534e-01
5.190615835777125930e-01 3.830580711041770003e-01 -5.606981194982056660e-02
5.200391006842619568e-01 4.075894020739304069e-01 1.957591404652277434e-01
5.210166177908113205e-01 2.192811433938377519e-01 3.974594535384621263e-01
5.219941348973606843e-01 -4.320951479397368289e-02 5.973500731067259428e-01
5.229716520039100480e-01 -3.396023607794460553e-01 5.902820122960105165e-01
5.239491691104594118e-01 -5.969212000876735758e-01 3.401026130304004025e-01
5.249266862170087755e-01 -7.894533296487062923e-01 3.244518630636678003e-02
5.259042033235581393e-01 -7.817055088971739396e-01 -3.910624907178424925e-01
5.268817204301075030e-01 -5.808375319496837941e-01 -6.869063885969375338e-01
5.278592375366568668e-01 -1.556487765461273542e-01 -9.147043392752763902e-01
5.288367546432062305e-01 2.852909332223817485e-01 -9.703353933938076992e-01
5.298142717497555942e-01 7.120590597208641404e-01 -7.731800049574263367e-01
5.307917888563049580e-01 1.024387080199702815e+00 -3.695443233725189125e-01
5.317693059628543217e-01 1.117928849742308106e+00 9.566670265244692217e-02
5.327468230694036855e-01 9.826605802408621138e-01 6.228222217874217481e-01
5.337243401759530492e-01 6.067712488725341968e-01 1.023624380859906591e+00
5.347018572825024130e-01 8.867406034064088949e-02 1.170544625077085898e+00
5.356793743890517767e-01 -4.638988585875419846e-01 1.120957574445167415e+00
5.366568914956011405e-01 -8.990167959142815191e-01 7.798738141318347639e-01
5.376344086021505042e-01 -1.167830401200349311e+00 3.027634184834847586e-01
5.386119257086998680e-01 -1.153889709723358692e+00 -2.496022422312270950e-01
5.395894428152492317e-01 -9.486339749699951307e-01 -7.230065433381265283e-01
5.405669599217985954e-01 -5.029775561113813964e-01 -9.981933687877275752e-01
5.415444770283479592e-01 -1.748110146620757838e-03 -1.115569002939381882e+00
5.425219941348973229e-01 5.101792146075310175e-01 -9.605718596871695159e-01
5.434995112414466867e-01 8.031390420706858713e-01 -6.289402289861845130e-01
5.444770283479960504e-01 9.752132555438661754e-01 -1.384507206454939077e-01
5.454545454545454142e-01 8.702671440834131023e-01 3.015547115955086732e-01
5.464320625610947779e-01 6.467470673475017584e-01 6.088671859650988116e-01
5.474095796676441417e-01 2.266849687130117752e-01 7.858964689564236217e-01
5.483870967741935054e-01 -9.632308961635574485e-02 7.632921115203996631e-01
5.493646138807428692e-01 -4.378681181644821785e-01 5.401918604212807562e-01
5.503421309872922329e-01 -5.701058673077612493e-01 2.383209854045053866e-01
5.513196480938415966e-01 -5.752010994232851226e-01 -6.075093265491825212e-02
5.522971652003909604e-01 -3.928905005872324052e-01 -3.130689936123573491e-01
5.532746823069403241e-01 -1.473724805479945110e-01 -3.902598283512077049e-01
5.542521994134896879e-01 8.725678750182393195e-02 -3.663554301603708097e-01
5.552297165200390516e-01 2.306956427714693114e-01 -1.957142725489846025e-01
5.562072336265884154e-01 3.140182158775675081e-01 2.827317143660538004e-02
5.571847507331377791e-01 1.805996427726693776e-01 2.256480172000536188e-01
5.581622678396871429e-01 -1.798060490071684905e-02 2.550954695879414924e-01
5.591397849462365066e-01 -1.801604202900955742e-01 2.994943892537892394e-01
5.601173020527858704e-01 -3.608629193352415054e-01 1.037122255454220321e-01
5.610948191593352341e-01 -4.284875873473844021e-01 -1.358723028304035796e-01
5.620723362658845979e-01 -3.430556860492448013e-01 -3.768647010530034036e-01
5.630498533724339616e-01 -1.245269296564130851e-01 -5.940519111892633708e-01
5.640273704789834364e-01 1.906896835884179520e-01 -6.309349206307343083e-01
5.650048875855328001e-01 5.296862617089561631e-01 -4.777657006619066560e-01
5.659824046920821639e-01 7.469472523018744203e-01 -1.842183770453547920e-01
5.669599217986315276e-01 8.259462069434791998e-01 1.834625733731662656e-01
5.679374389051808913e-01 7.221563930746155435e-01 5.431873660838770768e-01
5.689149560117302551e-01 4.104812735596344297e-01 8.326449888628145724e-01
5.698924731182796188e-01 -7.325135884247611917e-02 9.916767374514589006e-01
5.708699902248289826e-01 -5.259449613829229042e-01 9.067236724072906817e-01
5.718475073313783463e-01 -9.000774609176175334e-01 5.949275427903709668e-01
5.728250244379277101e-01 -1.068515199724180187e+00 1.426459541143265675e-01
5.738025415444770738e-01 -1.047272047621929936e+00 -3.587343911754720116e-01
5.747800586510264376e-01 -8.134539182681943537e-01 -8.079690945723922990e-01
5.757575757575758013e-01 -3.443156978698660997e-01 -1.056533412051884779e+00
5.767350928641251651e-01 1.638274957834107426e-01 -1.128019735487105546e+00
5.777126099706745288e-01 6.741039878928152262e-01 -9.332156465945962154e-01
5.786901270772238925e-01 9.655730574537549904e-01 -5.135884142151134757e-01
5.796676441837732563e-01 1.083517769050372337e+00 -4.717666165561232999e-02
5.806451612903226200e-01 9.855400292055468414e-01 4.472622945119223425e-01
5.816226783968719838e-01 6.476786414076235454e-01 7.969561777301688021e-01
5.826001955034213475e-01 1.963546783549298957e-01 1.011195619537353485e+00
5.835777126099707113e-01 -2.290552469810432368e-01 9.721352003874784709e-01
5.845552297165200750e-01 -6.037833328630302088e-01 6.909555041525636820e-01
5.855327468230694388e-01 -8.370708596196934081e-01 3.240174833255392017e-01
5.865102639296188025e-01 -8.156648983270621267e-01 -5.641406357786656750e-02
5.874877810361681663e-01 -6.659605981097150851e-01 -4.179706217119187328e-01
5.884652981427175300e-01 -3.665227782988774718e-01 -6.210420932543804229e-01
5.894428152492668938e-01 -1.510762780834093433e-02 -6.658148477336174320e-01
5.904203323558162575e-01 2.921254200236629295e-01 -5.078686732176052043e-01
5.913978494623656212e-01 4.518785732400529276e-01 -3.389939573544905604e-01
5.923753665689149850e-01 4.747796610188783628e-01 -2.047279748695276375e-02
5.933528836754643487e-01 3.727766652729817554e-01 1.887637974469298929e-01
5.943304007820137125e-01 1.708688299779914932e-01 2.918667055180417802e-01
5.953079178885630762e-01 -7.982188107590942883e-02 2.925391137941149022e-01
5.962854349951124400e-01 -2.213729798819256966e-01 2.040936748551271940e-01
5.972629521016618037e-01 -2.221489911859083621e-01 2.258881130486545957e-03
5.982404692082111675e-01 -2.226230959047380276e-01 -2.236528133210671232e-01
5.992179863147605312e-01 6.658932303525898211e-03 -3.275189969807098533e-01
6.001955034213098950e-01 1.941451058337378133e-01 -3.215980331835031070e-01
6.011730205278592587e-01 3.523487487832133724e-01 -1.593218783663795657e-01
6.021505376344086224e-01 4.458161315297847760e-01 7.409338998077480420e-02
6.031280547409579862e-01 4.342995029951243202e-01 3.454124761690050560e-01
6.041055718475073499e-01 2.662154926951290079e-01 5.662114436809742024e-01
6.050830889540567137e-01 -7.658701254832667171e-02 6.794747266090449545e-01
6.060606060606060774e-01 -3.546299136356914072e-01 6.050122827512698365e-01
6.070381231671554412e-01 -6.804010299117669858e-01 3.654180482770064686e-01
6.080156402737048049e-01 -8.185698308537083800e-01 2.256471166036854228e-02
6.089931573802541687e-01 -7.653152578203886724e-01 -3.733555613246888338e-01
6.099706744868035324e-01 -5.529054153684674899e-01 -7.127216404897362967e-01
6.109481915933528962e-01 -1.994527223913453162e-01 -9.233713491750967783e-01
6.119257086999022599e-01 2.621898860255791330e-01 -9.280295833524918603e-01
6.129032258064516236e-01 6.738564861500245806e-01 -7.518204609383816184e-01
6.138807429130009874e-01 9.476659462463749017e-01 -3.709643186179710783e-01
6.148582600195503511e-01 1.018040164374194756e+00 7.768860843515415504e-02
6.158357771260997149e-01 8.710607405489232402e-01 5.362458438681476647e-01
6.168132942326490786e-01 5.451648249918490396e-01 8.786506135040408338e-01
6.177908113391984424e-01 8.718222947554747637e-02 1.103072157600036407e+00
6.187683284457478061e-01 -4.134429511751968600e-01 9.861645470510964628e-01
6.197458455522971699e-01 -7.723458972547555534e-01 6.898489356834539565e-01
6.207233626588465336e-01 -9.957060313363805815e-01 2.605879960801077422e-01
6.217008797653958974e-01 -9.536982046172627348e-01 -2.266892042263336515e-01
6.226783968719452611e-01 -7.542616488076955283e-01 -5.920648000962013269e-01
6.236559139784946248e-01 -4.199540660498212730e-01 -8.238926225578290241e-01
6.246334310850439886e-01 2.902348119259632458e-03 -8.869242410621561712e-01
6.256109481915933523e-01 4.289229136886194005e-01 -7.508457893483807544e-01
6.265884652981427161e-01 6.121708847620327409e-01 -4.004738779303758656e-01
6.275659824046920798e-01 7.467645828935126628e-01 -3.784398580063067646e-02
6.285434995112414436e-01 6.847331858215668365e-01 2.663665629802512980e-01
6.295210166177908073e-01 3.916753969566275084e-01 4.649727376016893343e-01
6.304985337243401711e-01 1.499858671691538248e-01 5.542417945630888632e-01
6.314760508308895348e-01 -1.405872531463343567e-01 4.700505744934674324e-01
6.324535679374388986e-01 -3.933391902208039914e-01 3.053671881135960331e-01
6.334310850439882623e-01 -3.740140870018753283e-01 1.136139549859446901e-01
6.344086021505376261e-01 -3.221066047710581248e-01 -1.439566820909717049e-01
6.353861192570869898e-01 -1.464362125512471691e-01 -2.761913299048481818e-01
6.363636363636363535e-01 4.582099111357312848e-02 -2.815857277747972343e-01
6.373411534701857173e-01 1.861889900804124809e-01 -1.844309105269744953e-01
6.383186705767350810e-01 2.620548683543227897e-01 -8.833272150943788370e-03
6.392961876832844448e-01 1.885945772546122889e-01 1.847680453616593055e-01
6.402737047898338085e-01 6.937876838886319897e-02 3.095778678488191882e-01
6.412512218963831723e-01 -1.620545073562615901e-01 3.232243842488425334e-01
6.422287390029325360e-01 -3.462209167823916967e-01 2.225317876761243041e-01
6.432062561094818998e-01 -4.628643291347691036e-01 -1.149626337814260019e-02
6.441837732160312635e-01 -4.720950020420336402e-01 -2.139324741443208444e-01
6.451612903225806273e-01 -3.491568434109467156e-01 -4.883240734032856523e-01
6.461388074291299910e-01 -7.373756281365258236e-02 -6.273106696485065692e-01
6.471163245356793547e-01 2.668240474404459661e-01 -6.519844630927565943e-01
6.480938416422287185e-01 5.406947710842374688e-01 -5.075514654710366891e-01
6.490713587487780822e-01 7.922991532978322926e-01 -1.933390137629799332e-01
6.500488758553274460e-01 8.325853199527502024e-01 1.796800292620199246e-01
6.510263929618768097e-01 7.082971859565921902e-01 5.385085604249553182e-01
6.520039100684261735e-01 3.206775020488283334e-01 8.200599512046535811e-01
6.529814271749755372e-01 -2.081925163463844292e-02 8.936883609406225393e-01
6.539589442815249010e-01 -4.850918447558543733e-01 8.151011800275850261e-01
6.549364613880742647e-01 -7.867632900458173539e-01 5.411949449691687564e-01
6.559139784946236285e-01 -1.000950331504667945e+00 9.965851640277750834e-02
6.568914956011729922e-01 -9.107730153363335912e-01 -3.177885747932657212e-01
6.578690127077223559e-01 -6.748079062548776319e-01 -6.912580204344067614e-01
6.588465298142717197e-01 -2.614787904632590032e-01 -9.062151287815413125e-01
6.598240469208210834e-01 1.667046636316006081e-01 -9.442376512244179398e-01
6.608015640273704472e-01 5.226896803938551050e-01 -7.710618527359229812e-01
6.617790811339198109e-01 8.366475193531007770e-01 -4.270125153237009918e-01
6.627565982404691747e-01 9.154793410368472495e-01 -3.741305924783242670e-02
6.637341153470185384e-01 8.075859076611959786e-01 3.604256608224631897e-01
6.647116324535679022e-01 5.148498447379771248e-01 6.988433792530911459e-01
6.656891495601172659e-01 1.557903447063403723e-01 7.857413909099457694e-01
6.666666666666666297e-01 -2.156012364862784914e-01 7.235017037760942404e-01
6.676441837732159934e-01 -4.552901613112774748e-01 5.398069566908920702e-01
6.686217008797653572e-01 -6.696309118344461186e-01 1.878503645846482106e-01
6.695992179863147209e-01 -5.762718714853635182e-01 -7.423047986005869292e-02
6.705767350928640846e-01 -4.701621125651666011e-01 -3.463800501000606769e-01
6.715542521994134484e-01 -2.090142839985650036e-01 -4.542612322043429463e-01
6.725317693059628121e-01 6.272684087281096832e-02 -4.432901010838620204e-01
6.735092864125121759e-01 2.398040602927909992e-01 -3.338468794151679964e-01
6.744868035190615396e-01 3.232159904061096545e-01 -1.302592113405016128e-01
6.754643206256109034e-01 3.019162767074881071e-01 7.747611973676743480e-02
6.764418377321602671e-01 1.925303251933467019e-01 2.029335575244351209e-01
6.774193548387096309e-01 -2.067780457994430540e-02 2.560585684888006530e-01
6.783968719452589946e-01 -1.858201610464234599e-01 1.737588509978078566e-01
6.793743890518083584e-01 -2.728378125422461498e-01 2.753732717736891503e-02
6.803519061583577221e-01 -2.697012376073876783e-01 -1.683470724172186905e-01
6.813294232649070858e-01 -1.225885700640276799e-01 -3.310095845974248552e-01
6.823069403714564496e-01 8.454967092489763802e-02 -3.768817572720160047e-01
6.832844574780058133e-01 2.778815667780207277e-01 -3.518465340199111724e-01
6.842619745845551771e-01 5.068157351667806898e-01 -1.579564919352035302e-01
6.852394916911045408e-01 4.838212511111036895e-01 1.214905956845567514e-01
6.862170087976539046e-01 4.463731752780082940e-01 4.065196277282000503e-01
6.871945259042032683e-01 1.910605617561016989e-01 6.144491910692047032e-01
6.881720430107527431e-01 -9.926746240115519315e-02 6.941531940028926595e-01
6.891495601173021068e-01 -4.244967795095424545e-01 5.935936288301090213e-01
6.901270772238514706e-01 -6.614129644295202448e-01 3.684060291010640698e-01
6.911045943304008343e-01 -7.922427146338045789e-01 -3.848563665111779525e-02
6.920821114369501981e-01 -7.464271526650796407e-01 -3.969501484034024807e-01
6.930596285434995618e-01 -5.409502217546525715e-01 -6.880057789538933655e-01
6.940371456500489256e-01 -1.439307274550596927e-01 -8.779974718842323833e-01
6.950146627565982893e-01 2.903152105230042412e-01 -8.527806448391624938e-01
6.959921798631476531e-01 6.221202266697787309e-01 -6.449935809707033618e-01
6.969696969696970168e-01 8.066657594459297753e-01 -3.189330686243875834e-01
6.979472140762463805e-01 8.941934810098355335e-01 7.352482683870628644e-02
6.989247311827957443e-01 7.747534615219571208e-01 5.312652262442302264e-01
6.999022482893451080e-01 4.891102926306030718e-01 7.530738127581660946e-01
7.008797653958944718e-01 5.783560224597834865e-02 8.931688307870171428e-01
7.018572825024438355e-01 -3.308010029142126607e-01 7.770729154118004578e-01
7.028347996089931993e-01 -6.769137861107168419e-01 5.799292051519823188e-01
7.038123167155425630e-01 -7.722638604610819746e-01 2.178402299495145744e-01
7.047898338220919268e-01 -7.560659340362738678e-01 -1.731574265854792238e-01
7.057673509286412905e-01 -5.872184496638960249e-01 -5.214420633758791723e-01
7.067448680351906543e-01 -3.080567557737471929e-01 -6.911313852216710574e-01
7.077223851417400180e-01 5.564243506819460672e-02 -6.977138368538441382e-01
7.086999022482893817e-01 3.292798103093380613e-01 -5.175241792391733764e-01
7.096774193548387455e-01 5.138506214702178720e-01 -3.469223064492723552e-01
7.106549364613881092e-01 5.582676805817020638e-01 -8.935779217671750013e-03
7.116324535679374730e-01 4.350324457309195370e-01 2.427552824946745402e-01
7.126099706744868367e-01 2.635695706832931196e-01 3.688640332961568569e-01
7.135874877810362005e-01 6.339365422939191586e-02 3.981678138241215859e-01
7.145650048875855642e-01 -1.758076540336925009e-01 3.164824850768658826e-01
7.155425219941349280e-01 -2.893985298613744317e-01 1.313428380287573471e-01
7.165200391006842917e-01 -2.789571599834244076e-01 -8.314425698329980241e-02
7.174975562072336555e-01 -1.914183172405058142e-01 -1.920358984970606253e-01
7.184750733137830192e-01 -1.671492251488286562e-02 -2.034329440620016860e-01
7.194525904203323829e-01 1.741610574070607820e-01 -1.754487258148325624e-01
7.204301075268817467e-01 2.435418386987742434e-01 -6.662764878671198487e-02
7.214076246334311104e-01 2.852108420519400278e-01 1.403470919217295609e-01
7.223851417399804742e-01 1.677465118039875580e-01 3.289714858249586649e-01
7.233626588465298379e-01 -5.925683787068598135e-02 3.997281517390417482e-01
7.243401759530792017e-01 -2.356837036487275105e-01 3.802139551340544266e-01
7.253176930596285654e-01 -4.225990420946704185e-01 2.243123156532077778e-01
7.262952101661779292e-01 -5.447640349121263270e-01 -3.055308847383104293e-02
7.272727272727272929e-01 -5.057090525365303124e-01 -2.272691129447089731e-01
7.282502443792766567e-01 -3.255015758069395027e-01 -5.285578849574472660e-01
7.292277614858260204e-01 -8.111234806001776931e-02 -6.401207858868583900e-01
7.302052785923753842e-01 2.637639226133000614e-01 -6.402907263624655343e-01
7.311827956989247479e-01 5.883724018762147567e-01 -4.867149275604699121e-01
7.321603128054741116e-01 7.296553715650170302e-01 -1.766677719538547742e-01
7.331378299120234754e-01 7.489169103454542675e-01 1.755525505422503574e-01
7.341153470185728391e-01 6.428937714925774261e-01 4.628293248995404841e-01
7.350928641251222029e-01 3.042714020173239997e-01 7.561369901738503874e-01
7.360703812316715666e-01 -2.056395077121474582e-02 8.507297719767729083e-01
7.370478983382209304e-01 -4.192370070343783839e-01 7.348043216096563635e-01
7.380254154447702941e-01 -7.014910920242580783e-01 4.780781413155072435e-01
7.390029325513196579e-01 -8.426773033725295514e-01 1.539095323896939871e-01
7.399804496578690216e-01 -8.264146414104249772e-01 -2.923676158253675772e-01
7.409579667644183854e-01 -5.873708691270546067e-01 -5.881937565673547308e-01
7.419354838709677491e-01 -2.176180899978578664e-01 -7.952486640133729079e-01
7.429130009775171128e-01 1.144210034056005326e-01 -7.855522814542703625e-01
7.438905180840664766e-01 4.470923465648417028e-01 -6.825487607761797637e-01
7.448680351906158403e-01 6.615789573938003487e-01 -3.935954083758668731e-01
7.458455522971652041e-01 7.061257269988425733e-01 -5.679251477970075589e-03
7.468230694037145678e-01 6.362250623851034570e-01 3.208993584888270023e-01
7.478005865102639316e-01 3.779326758468031233e-01 5.417254061667809983e-01
7.487781036168132953e-01 9.516519234877342248e-02 6.289141958374184771e-01
7.497556207233626591e-01 -1.738323660417418759e-01 5.329039818603594769e-01
7.507331378299120228e-01 -4.151949092531916907e-01 3.271056345239173879e-01
7.517106549364613866e-01 -4.825817977694562555e-01 7.995552668899885695e-02
7.526881720430107503e-01 -4.240352478039297046e-01 -8.472855615671795459e-02
7.536656891495601140e-01 -2.829945780878631023e-01 -3.056214378744994131e-01
7.546432062561094778e-01 -6.622000396559285518e-02 -3.139188959683307800e-01
7.556207233626588415e-01 8.693522820525978467e-02 -2.746504072800189933e-01
7.565982404692082053e-01 2.201387454596829552e-01 -1.536843505407718136e-01
7.575757575757575690e-01 2.390922284441102663e-01 2.342841668480645859e-02
7.585532746823069328e-01 1.625640693099790202e-01 1.572608527105087972e-01
7.595307917888562965e-01 6.326524584418827257e-02 2.438555424132704819e-01
7.605083088954056603e-01 -1.595059727469512190e-01 1.954152180314641385e-01
7.614858260019550240e-01 -2.856614665722975732e-01 6.458287813535200372e-02
7.624633431085043878e-01 -2.729301530368329898e-01 -8.770771419949820180e-02
7.634408602150537515e-01 -2.157192559972822554e-01 -2.556686753779042753e-01
7.644183773216031152e-01 -5.860747263480185071e-02 -3.938644895124055467e-01
7.653958944281524790e-01 1.702718566319291749e-01 -3.817237536138117782e-01
7.663734115347018427e-01 3.797442834146023127e-01 -3.260303925932035995e-01
7.673509286412512065e-01 4.891702134003508839e-01 -7.464555890984844733e-02
7.683284457478005702e-01 5.035147928212272417e-01 1.497534871612731799e-01
7.693059628543499340e-01 4.438440043068870855e-01 4.270592293869853728e-01
7.702834799608992977e-01 2.045821946294662796e-01 6.157612014144080437e-01
7.712609970674486615e-01 -8.510339486385448682e-02 6.616088561965918213e-01
7.722385141739980252e-01 -3.856730647790117539e-01 5.844992140910845180e-01
7.732160312805473890e-01 -6.833538759148479746e-01 3.301176958236665682e-01
7.741935483870967527e-01 -7.653861658874983043e-01 1.851267078402385902e-03
7.751710654936461165e-01 -6.963527759059392475e-01 -3.433881866448931786e-01
7.761485826001954802e-01 -4.837473969027198395e-01 -6.236898552259503292e-01
7.771260997067448439e-01 -1.415739395036241799e-01 -7.938030495130142805e-01
7.781036168132942077e-01 2.267101251452837418e-01 -7.487020587213135681e-01
7.790811339198435714e-01 5.288521096347754691e-01 -5.767240810480322999e-01
7.800586510263929352e-01 7.233064032327721771e-01 -2.516918914875467816e-01
7.810361681329422989e-01 7.821910096194171214e-01 9.941896348851245180e-02
7.820136852394916627e-01 6.743649215449031287e-01 4.042537527952556053e-01
7.829912023460410264e-01 3.847079954954710779e-01 6.628246563138889824e-01
7.839687194525903902e-01 4.776520664788760917e-02 7.478814631884113107e-01
7.849462365591397539e-01 -2.696125478159138167e-01 6.287720506214429239e-01
7.859237536656891177e-01 -5.308829989059230536e-01 4.536375579843515138e-01
7.869012707722384814e-01 -6.416547736801629931e-01 1.253992417187380637e-01
7.878787878787878451e-01 -5.633894725988344288e-01 -1.579799265870460434e-01
7.888563049853372089e-01 -4.251365264337746419e-01 -3.947329524668136691e-01
7.898338220918865726e-01 -1.600501779418803117e-01 -5.111025251621286181e-01
7.908113391984359364e-01 9.785880649759819139e-02 -5.357889975205455402e-01
7.917888563049853001e-01 3.216661206617569269e-01 -4.014113434391596846e-01
7.927663734115346639e-01 4.011116599170256869e-01 -1.584999549734446567e-01
7.937438905180840276e-01 3.932975722659185491e-01 3.863746381775443051e-02
7.947214076246333914e-01 2.572017514671241512e-01 2.288510834866153421e-01
7.956989247311827551e-01 1.288608368022736705e-01 2.625368004546776435e-01
7.966764418377321189e-01 -5.270616067281047590e-02 2.386652559067115598e-01
7.976539589442814826e-01 -2.036698791702044042e-01 1.574149719969292205e-01
7.986314760508308463e-01 -1.935555403413080633e-01 -1.667658139124095912e-02
7.996089931573802101e-01 -1.826997339008190058e-01 -1.772795582885503540e-01
8.005865102639295738e-01 -5.369360183935855541e-02 -2.157091941181433215e-01
8.015640273704789376e-01 1.501876071087911990e-01 -2.506008250299601170e-01
8.025415444770283013e-01 2.089732330954582884e-01 -9.682928562993275978e-02
8.035190615835776651e-01 3.070808057622108067e-01 6.248425918483456465e-02
8.044965786901270288e-01 2.431042190652398793e-01 2.278462506022111977e-01
8.054740957966763926e-01 1.173186422054239009e-01 3.902932107992714839e-01
8.064516129032257563e-01 -4.851583839179743340e-02 3.953221898011968771e-01
8.074291300097751201e-01 -3.017848969744717502e-01 4.035406527069311799e-01
8.084066471163244838e-01 -4.953204440996668012e-01 2.095750284378523898e-01
8.093841642228738475e-01 -5.674971772952519533e-01 -2.721454578777019601e-02
8.103616813294232113e-01 -4.576726788515063649e-01 -3.077685924229275893e-01
8.113391984359725750e-01 -3.568802279611009154e-01 -5.469080636350299729e-01
8.123167155425219388e-01 -3.769343246813656317e-02 -6.579747607917656449e-01
8.132942326490713025e-01 2.591290800709930564e-01 -6.221744603662147099e-01
8.142717497556207773e-01 5.155248168997079716e-01 -4.475900870624046068e-01
8.152492668621701410e-01 6.970795024805443996e-01 -1.919551325411017195e-01
8.162267839687195048e-01 7.373821997932610284e-01 1.470299166761716014e-01
8.172043010752688685e-01 5.501490561563059378e-01 4.773392815389369548e-01
8.181818181818182323e-01 2.736176745208586114e-01 6.670319230900155771e-01
8.191593352883675960e-01 -1.676866380416819693e-02 7.226967749861541446e-01
8.201368523949169598e-01 -3.397635311334252783e-01 6.637956822752393293e-01
8.211143695014663235e-01 -6.123370443702363941e-01 4.132182573184740026e-01
8.220918866080156873e-01 -7.052103357893844127e-01 1.309726576485431560e-01
8.230694037145650510e-01 -6.852622642464875069e-01 -2.238215014535382130e-01
8.240469208211144148e-01 -4.583831471610948505e-01 -5.040103640973206955e-01
8.250244379276637785e-01 -2.189572624622216912e-01 -6.217240487441754171e-01
8.260019550342131422e-01 1.259144259029343627e-01 -6.010356154495797298e-01
8.269794721407625060e-01 4.018481917766694722e-01 -5.193848740137964048e-01
8.279569892473118697e-01 5.180669327615445852e-01 -2.551731282075230811e-01
8.289345063538612335e-01 5.389059558638809033e-01 2.432907522624980223e-02
8.299120234604105972e-01 4.499648194439319071e-01 2.806413603673845736e-01
8.308895405669599610e-01 2.954843497930463303e-01 4.168652480730319909e-01
8.318670576735093247e-01 1.846341844382897585e-02 4.657193975003365294e-01
8.328445747800586885e-01 -1.858934280639872039e-01 4.036493507820410054e-01
8.338220918866080522e-01 -3.005608167539784992e-01 2.089092165748235586e-01
8.347996089931574160e-01 -3.123116148508817691e-01 1.875046323129957171e-02
8.357771260997067797e-01 -2.646644663562336963e-01 -1.244586446211425057e-01
8.367546432062561435e-01 -1.486874858828567403e-01 -2.524013832661434198e-01
8.377321603128055072e-01 5.470700005834527868e-02 -2.189098768058633238e-01
8.387096774193548709e-01 1.448027580067390296e-01 -1.258209788747304547e-01
8.396871945259042347e-01 2.568831617183318650e-01 -2.673096681813205006e-02
8.406647116324535984e-01 1.897197291728197621e-01 1.449210786510131410e-01
8.416422287390029622e-01 7.338083554038773992e-02 2.127857966751671437e-01
8.426197458455523259e-01 -9.896158113617259389e-02 2.733960075580715854e-01
8.435972629521016897e-01 -2.519180777801967586e-01 1.709677387844954488e-01
8.445747800586510534e-01 -3.187174292808857001e-01 8.404057779988219345e-03
8.455522971652004172e-01 -3.267117588145292406e-01 -1.782413642367760009e-01
8.465298142717497809e-01 -1.945128512936988019e-01 -3.130166925591450489e-01
8.475073313782991447e-01 -1.503959690393179283e-02 -4.229328902962049552e-01
8.484848484848485084e-01 1.780213628254391500e-01 -4.501222424763342556e-01
8.494623655913978721e-01 3.770340880265055095e-01 -3.168881072626182349e-01
8.504398826979472359e-01 5.178704511697399537e-01 -5.471435932283813530e-02
8.514173998044965996e-01 5.515243402913638793e-01 1.566444115926612368e-01
8.523949169110459634e-01 4.051105146290400194e-01 4.075205604344964150e-01
8.533724340175953271e-01 1.938498775970823040e-01 6.028353262920216338e-01
8.543499511241446909e-01 -9.172886182053509307e-02 6.408794238362711670e-01
8.553274682306940546e-01 -3.577962371088223570e-01 5.330624420852152490e-01
8.563049853372434184e-01 -5.573431830191145631e-01 2.831227585734871766e-01
8.572825024437927821e-01 -6.646787690935667126e-01 3.516551285005691495e-03
8.582600195503421459e-01 -6.345126478691476279e-01 -2.909611403337438729e-01
8.592375366568915096e-01 -4.030696003410189632e-01 -5.727492005395791175e-01
8.602150537634408733e-01 -1.535397055552426282e-01 -6.870654637200445114e-01
8.611925708699902371e-01 1.934995597438962933e-01 -6.527924136421506818e-01
8.621700879765396008e-01 4.625778701159364292e-01 -4.927412010393299457e-01
8.631476050830889646e-01 6.460774718596868915e-01 -2.427038167224913612e-01
8.641251221896383283e-01 6.379790139846232000e-01 9.526588464272139900e-02
8.651026392961876921e-01 5.347050232649047663e-01 3.853431529496758601e-01
8.660801564027370558e-01 2.983271403802162935e-01 5.616677776532976729e-01
8.670576735092864196e-01 3.842615893444614045e-03 5.680175813912823335e-01
8.680351906158357833e-01 -2.305438161605881942e-01 5.223714951207248935e-01
8.690127077223851471e-01 -3.892574176171993972e-01 3.171339504609930748e-01
8.699902248289345108e-01 -5.039748484195909484e-01 9.386814958839284628e-02
8.709677419354838745e-01 -4.326999151878075378e-01 -2.133200142815278866e-01
8.719452590420332383e-01 -2.779462352498179301e-01 -3.347180252525885913e-01
8.729227761485826020e-01 -8.892605380252741054e-02 -3.711379969461894857e-01
8.739002932551319658e-01 8.686294187713511361e-02 -3.467949446876486541e-01
8.748778103616813295e-01 2.608765298052544424e-01 -2.276347253423667283e-01
8.758553274682306933e-01 2.825192354912097192e-01 -6.043676326655313125e-02
8.768328445747800570e-01 2.476216167148077296e-01 6.843820986787256533e-02
8.778103616813294208e-01 1.275207411793653489e-01 2.020610840337742076e-01
8.787878787878787845e-01 -9.528542039774143269e-04 2.206403347310097740e-01
8.797653958944281483e-01 -1.324101281847115674e-01 1.547248750695737474e-01
8.807429130009775120e-01 -2.335884857893782418e-01 3.451973883315687108e-02
8.817204301075268758e-01 -1.983942104423614683e-01 -1.399871140968404759e-01
8.826979472140762395e-01 -4.059602024513538077e-02 -2.053128038846171455e-01
8.836754643206256032e-01 3.259241020095079988e-02 -2.599944538940844874e-01
8.846529814271749670e-01 1.893514449656157062e-01 -2.528684402360634742e-01
8.856304985337243307e-01 3.381631134840321073e-01 -8.745899534828124877e-02
8.866080156402736945e-01 3.794846831089326300e-01 1.271712133483192675e-01
8.875855327468230582e-01 2.942107561081133138e-01 2.864824382328577945e-01
8.885630498533724220e-01 1.088890802005741398e-01 3.948938845974684919e-01
8.895405669599217857e-01 -3.890150049524813275e-02 4.448538548756066358e-01
8.905180840664711495e-01 -3.162239667715112112e-01 3.870555275331390988e-01
8.914956011730205132e-01 -5.074838246972013245e-01 1.922694677729334667e-01
8.924731182795698770e-01 -5.372228844934195946e-01 -5.783509718319229664e-03
8.934506353861192407e-01 -4.995581001648958797e-01 -3.112462792984266868e-01
8.944281524926686044e-01 -3.153978291995264693e-01 -5.096597021109343650e-01
8.954056695992179682e-01 -6.305883405443957201e-02 -5.928447134566455778e-01
8.963831867057673319e-01 2.199498547491813005e-01 -5.600940408978304363e-01
8.973607038123166957e-01 4.869518870373383823e-01 -3.821273426026702835e-01
8.983382209188660594e-01 6.316792370685484492e-01 -1.370141546987800607e-01
8.993157380254154232e-01 6.491932516663050379e-01 1.631563349723585410e-01
9.002932551319647869e-01 5.041064531953218797e-01 4.176195291924287289e-01
9.012707722385141507e-01 2.428672062103542362e-01 5.870631315658322302e-01
9.022482893450635144e-01 -2.186006918639510702e-02 6.463801553048040827e-01
9.032258064516128782e-01 -3.277219656725004482e-01 5.273427444025369226e-01
9.042033235581622419e-01 -5.163281995387140055e-01 3.131372109632887812e-01
9.051808406647116056e-01 -6.239100707752027741e-01 7.067975718689796516e-02
9.061583577712609694e-01 -5.501232092624409598e-01 -1.908539114660773028e-01
9.071358748778103331e-01 -3.338401946238243045e-01 -4.462735535812392129e-01
9.081133919843596969e-01 -1.240316570084111780e-01 -5.000017516232420078e-01
9.090909090909090606e-01 1.225053758177354069e-01 -5.125207293503564188e-01
9.100684261974584244e-01 3.060889049237572879e-01 -3.617151019264076006e-01
9.110459433040077881e-01 4.087661802606082917e-01 -1.476817101765587614e-01
9.120234604105571519e-01 4.338971816318581420e-01 5.767121971691539783e-02
9.130009775171065156e-01 3.579050831242860387e-01 2.152465331738061538e-01
9.139784946236558794e-01 1.326153866348366850e-01 3.724438200824867762e-01
9.149560117302052431e-01 -7.449573968041547922e-02 2.928232377657095653e-01
9.159335288367546068e-01 -1.933982936758732452e-01 2.408720934318651363e-01
9.169110459433039706e-01 -2.331558474736723785e-01 1.171520634392613919e-01
9.178885630498533343e-01 -2.455579098033572050e-01 -4.345713298003422986e-02
9.188660801564026981e-01 -1.059784560578251045e-01 -1.544561717161707648e-01
9.198435972629520618e-01 -9.292061058893460318e-04 -1.436640410797161427e-01
9.208211143695014256e-01 1.214167969389729623e-01 -1.718092028153800077e-01
9.217986314760507893e-01 1.963884551545571899e-01 -5.986531617330068111e-02
9.227761485826001531e-01 1.876011336960295706e-01 4.778216593764730152e-02
9.237536656891495168e-01 7.891720027066098653e-02 2.461643046669780288e-01
9.247311827956988806e-01 -1.706402007352024464e-02 2.700131849585395982e-01
9.257086999022482443e-01 -2.184768051794221122e-01 2.045408130090696774e-01
9.266862170087976081e-01 -3.009302953007534920e-01 1.488815554276613495e-01
9.276637341153469718e-01 -3.991737558740915404e-01 -3.109184596915860743e-02
9.286412512218963355e-01 -3.291985517351776469e-01 -2.167815343517656701e-01
9.296187683284456993e-01 -1.975225212819663456e-01 -3.965004521864600173e-01
9.305962854349950630e-01 4.581550388018666882e-03 -4.646607249105186299e-01
9.315738025415444268e-01 2.395767384537040579e-01 -4.213108624558927207e-01
9.325513196480937905e-01 3.917693224120882833e-01 -3.081986093452128705e-01
9.335288367546431543e-01 5.373233635387356655e-01 -1.093932624810823317e-01
9.345063538611925180e-01 5.291016268643832232e-01 2.094271109369818806e-01
9.354838709677418818e-01 3.727776782856945248e-01 3.868163084947527919e-01
9.364613880742912455e-01 1.677484252622630234e-01 5.795325463920124598e-01
9.374389051808406093e-01 -1.224165171628024407e-01 5.918746250925995822e-01
9.384164222873900840e-01 -4.033383997670663690e-01 4.514495125918106533e-01
9.393939393939394478e-01 -5.516804322906342373e-01 2.699913752011415258e-01
9.403714565004888115e-01 -5.906864183220211784e-01 1.227328065099849742e-03
9.413489736070381753e-01 -5.664943520440689495e-01 -2.903097997948657083e-01
9.423264907135875390e-01 -3.423926860564497354e-01 -4.711125188880403991e-01
9.433040078201369028e-01 -8.516407054447543146e-02 -5.789096108470099811e-01
9.442815249266862665e-01 1.723304647083447327e-01 -5.176281947942934503e-01
9.452590420332356302e-01 4.174990583970752955e-01 -3.927518441719382025e-01
9.462365591397849940e-01 5.372891312882388526e-01 -1.345630569813827115e-01
9.472140762463343577e-01 5.239931446495360579e-01 7.497039123639330505e-02
9.481915933528837215e-01 4.050437757838663555e-01 3.141784832801433058e-01
9.491691104594330852e-01 2.124240085111049892e-01 4.359510664144163883e-01
9.501466275659824490e-01 -2.511391740638331191e-02 4.601019994577988381e-01
9.511241446725318127e-01 -1.972421809585886421e-01 3.683546180155327643e-01
9.521016617790811765e-01 -3.510108754687933930e-01 2.103952327473667949e-01
9.530791788856305402e-01 -3.686652203918924231e-01 5.490988048172099067e-02
9.540566959921799040e-01 -3.050431982099580108e-01 -1.395629932568642761e-01
9.550342130987292677e-01 -1.715090811649245262e-01 -2.640828101892109259e-01
9.560117302052786314e-01 -1.700312252472899882e-02 -2.701133043328405314e-01
9.569892473118279952e-01 9.596047074294657142e-02 -2.123582065193716506e-01
9.579667644183773589e-01 2.275182678777304679e-01 -6.381017124670715357e-02
9.589442815249267227e-01 2.285555186078477297e-01 5.034737336680347730e-03
9.599217986314760864e-01 1.311696520607196492e-01 1.196855932716398840e-01
9.608993157380254502e-01 2.260275130855758999e-02 1.646919450467712320e-01
9.618768328445748139e-01 -1.108364187203012968e-01 2.063168809974697815e-01
9.628543499511241777e-01 -2.227876725867564967e-01 8.056031199750122995e-02
9.638318670576735414e-01 -2.149969185011935957e-01 -4.173358957259129531e-02
9.648093841642229052e-01 -1.383274749260095526e-01 -2.164417959361369104e-01
9.657869012707722689e-01 -4.403129912619555691e-02 -2.725960719715886937e-01
9.667644183773216326e-01 1.335278252218562445e-01 -2.738750771586088706e-01
9.677419354838709964e-01 2.620578425091861785e-01 -2.045189011911716648e-01
9.687194525904203601e-01 3.571642606089077687e-01 -5.290077379245803485e-02
9.696969696969697239e-01 3.585454950970765609e-01 1.405893001168011525e-01
9.706744868035190876e-01 2.893473096074050677e-01 2.949860141112125578e-01
9.716520039100684514e-01 1.010537686350244935e-01 4.269090465088453135e-01
9.726295210166178151e-01 -1.478301644536363368e-01 4.740888061133019526e-01
9.736070381231671789e-01 -3.454181987759330497e-01 3.760297909827761687e-01
9.745845552297165426e-01 -4.354311329871998204e-01 1.800185818398719328e-01
9.755620723362659064e-01 -5.613739445015297758e-01 -5.675913821057240738e-02
9.765395894428152701e-01 -4.702177710456724724e-01 -2.943595672159006749e-01
9.775171065493646338e-01 -2.792170029846997026e-01 -4.630142803167719978e-01
9.784946236559139976e-01 -2.499707022503058762e-02 -5.388496800273228082e-01
9.794721407624633613e-01 2.303925596947362930e-01 -5.072705003542763436e-01
9.804496578690127251e-01 4.243410405148234088e-01 -3.255969401544751562e-01
9.814271749755620888e-01 5.365432478294037688e-01 -1.191865772866232964e-01
9.824046920821114526e-01 5.620635623956474758e-01 1.482248668189876106e-01
9.833822091886608163e-01 4.260510693375001989e-01 3.905720425686320940e-01
9.843597262952101801e-01 1.964896033277371279e-01 5.435987711067102879e-01
9.853372434017595438e-01 -4.367150404971281707e-02 5.055153269868463140e-01
9.863147605083089076e-01 -2.392137400322832397e-01 3.960610527768769762e-01
9.872922776148582713e-01 -3.946644781938971613e-01 2.961891714223481853e-01
9.882697947214076351e-01 -4.941413526319191618e-01 4.224022633702837620e-02
9.892473118279569988e-01 -4.016365738456433299e-01 -1.815259962347395561e-01
9.902248289345063625e-01 -2.940228038096112106e-01 -3.172869561295766916e-01
9.912023460410557263e-01 -8.384000692068033223e-02 -3.771714023476954725e-01
9.921798631476050900e-01 1.209713246316007768e-01 -3.467764042408565395e-01
9.931573802541544538e-01 2.525205499465065784e-01 -2.172499306218843851e-01
9.941348973607038175e-01 3.081426953895639032e-01 -1.152685096614289861e-01
9.951124144672531813e-01 2.786938014845580236e-01 6.276526863394366051e-02
9.960899315738025450e-01 2.186717974007977017e-01 2.068236424802173401e-01
9.970674486803519088e-01 3.547786535296675731e-02 2.552011752153990343e-01
9.980449657869012725e-01 -6.167481465431300103e-02 2.147599369659249358e-01
9.990224828934506363e-01 -1.537214805399220729e-01 1.056585901995002880e-01
1.000000000000000000e+00 -1.604778339786516184e-01 -2.040046894919354120e-03
